00000100000000111001010100110111
00010000000101010000010100010011
00010000000000000000000010010011
00000000101000001010000000100011
00000000000000001010010110000011
00000000000000001001011000000011
00000000001000001001011010000011
00000000000000001000011100000011
00000000000100001000011110000011
00000000001000001000100000000011
00000000001100001000100010000011
00000000000000001101011000000011
00000000001000001101011010000011
00000000000000001100011100000011
00000000000100001100011110000011
00000000001000001100100000000011
00000000001100001100100010000011
00000000101101010000010001100011
00000000100000000000000011101111
00000000100000000000000011101111
11111111111100000000010100010011
00000000000000000000000000010011
