00000000000000000000010100010011
00000000000000000000000000010011
00000000000000000000010110010011
00000100000000000000011000010011
00000000000000000000000000010011
00000000000001010010100010000011
00000000010001010000010100010011
00000000010001011000010110010011
00000000110001011000010001100011
11111110110111111111000011101111
00000000000000000000000000010011
00000000000000000001011100110111
00000100000001110000011100010011
00000000111001010000011001100011
00000000000000000001010100110111
11111100100111111111000011101111
00000000000000000000000000010011
00000000000000000001010100110111
00000000000000000000010110010011
00000100000000000000011000010011
00000000000000000000000000010011
00000000101001010010000000100011
00000000010001010000010100010011
00000000010001011000010110010011
00000000110001011000010001100011
11111110110111111111000011101111
00000000000000000000000000010011
00000000000000000001100000110111
00000000000000000000000000010011
00000000000110000001100000010011
00000000000010000000010100010011
00000000000000000000010110010011
00000100000000000000011000010011
00000000000000000000000000010011
00000000000001010010100010000011
00000000010001010000010100010011
00000000010001011000010110010011
00000000110001011000010001100011
11111110110111111111000011101111
00000000000000000000000000010011
11111101000111111111000011101111
