00000000000100000000100010010011
00000000111100000000010110010011
11111111101100000000011000010011
00000000010100000000011010010011
00000000110001011000011100110011
01000000110101011000011110110011
00000000111001111000010001100011
11111111111100000000100010010011
00000000111100000000010110010011
00001111000000000000011000010011
00000000110001011110011010110011
00001111111100000000011100010011
00000000111001101000010001100011
11111111111100000000100010010011
00000000110001011111011010110011
00000000101001101000010001100011
11111111111100000000100010010011
00000000000000000000000000010011
